1,631652e-03 120000 1 16
2,135015e-03 120000 1 0
1,763653e-03 120000 1 0
1,975860e-03 120000 1 16
3,042826e-03 120000 1 0
1,402727e-04 120000 1 15
2,565361e-03 120000 1 16
2,406206e-03 120000 1 10
1,020930e-03 120000 1 6
9,466578e-04 120000 1 16
1,190521e-04 240000 2 46
8,464879e-04 240000 2 48
1,079287e-03 240000 2 31
1,387615e-03 240000 2 31
3,737000e-04 240000 2 16
1,520244e-03 240000 2 47
7,238408e-04 240000 2 31
7,821977e-04 240000 2 32
2,204785e-04 240000 2 47
3,849386e-04 240000 2 47
1,335703e-03 360000 3 94
3,124347e-04 360000 3 78
1,652873e-03 360000 3 78
8,111202e-04 360000 3 78
2,216186e-04 360000 3 79
8,971429e-04 360000 3 63
1,827140e-04 360000 3 62
6,071272e-04 360000 3 79
1,108209e-03 360000 3 63
1,682307e-03 360000 3 82
1,825393e-05 480000 4 94
8,597508e-04 480000 4 110
3,141474e-07 480000 4 94
4,267516e-04 480000 4 125
2,569863e-04 480000 4 79
2,065873e-04 480000 4 94
1,541639e-04 480000 4 125
5,487704e-04 480000 4 125
6,442634e-04 480000 4 79
2,602672e-04 480000 4 110
8,271895e-06 600000 5 173
1,360286e-04 600000 5 156
2,992529e-05 600000 5 126
4,539057e-04 600000 5 157
1,354094e-03 600000 5 125
3,991648e-04 600000 5 157
3,753893e-04 600000 5 126
6,173048e-04 600000 5 141
2,143703e-05 600000 5 142
2,395771e-04 600000 5 141
2,717617e-04 720000 6 219
4,363966e-05 720000 6 188
9,696468e-04 720000 6 204
1,261256e-04 720000 6 188
2,452359e-04 720000 6 222
4,273799e-04 720000 6 186
5,688510e-04 720000 6 219
1,363997e-03 720000 6 220
1,911058e-03 720000 6 203
8,146569e-04 720000 6 204
1,323150e-04 960000 8 330
6,727438e-04 960000 8 329
5,029785e-04 960000 8 313
5,493987e-04 960000 8 314
6,435654e-04 960000 8 330
2,297625e-04 960000 8 326
1,846686e-04 960000 8 313
3,915700e-04 960000 8 298
2,602672e-04 960000 8 361
3,451499e-04 960000 8 354
2,060568e-04 1200000 10 446
2,888173e-04 1200000 10 423
2,866953e-04 1200000 10 424
9,689395e-04 1200000 10 431
5,699911e-04 1200000 10 417
2,565536e-04 1200000 10 455
2,845732e-04 1200000 10 424
8,934314e-05 1200000 10 439
5,031460e-04 1200000 10 408
2,692860e-04 1200000 10 407
1,417852e-04 1440000 12 518
2,231311e-04 1440000 12 518
3,427532e-04 1440000 12 533
3,073854e-04 1440000 12 517
2,092399e-04 1440000 12 533
2,452359e-04 1440000 12 518
1,939527e-04 1440000 12 518
7,070412e-04 1440000 12 518
9,315453e-05 1440000 12 517
3,292344e-04 1440000 12 533
4,447892e-04 1200000 1 81
8,543479e-04 1200000 1 45
3,902438e-04 1200000 1 94
1,557555e-04 1200000 1 79
2,368267e-04 1200000 1 79
8,974175e-04 1200000 1 47
3,573517e-04 1200000 1 47
1,027038e-04 1200000 1 46
1,905697e-06 1200000 1 79
3,567234e-04 1200000 1 54
7,830007e-05 2400000 2 338
2,931592e-04 2400000 2 408
1,758173e-04 2400000 2 455
8,085487e-05 2400000 2 438
2,515064e-05 2400000 2 424
1,312539e-04 2400000 2 376
2,612305e-04 2400000 2 449
1,371874e-04 2400000 2 455
3,191546e-04 2400000 2 455
5,689300e-04 2400000 2 361
1,225098e-04 3600000 3 675
2,944762e-04 3600000 3 706
1,228635e-04 3600000 3 863
3,515140e-05 3600000 3 612
1,741467e-04 3600000 3 645
5,503641e-05 3600000 3 887
4,187127e-05 3600000 3 627
1,348885e-04 3600000 3 675
6,026251e-05 3600000 3 816
2,707007e-04 3600000 3 644
4,100403e-04 4800000 4 1082
2,561906e-04 4800000 4 1223
3,805967e-04 4800000 4 1020
1,593713e-04 4800000 4 1059
4,739676e-04 4800000 4 1121
2,395771e-04 4800000 4 1083
2,471718e-04 4800000 4 1364
4,027763e-06 4800000 4 1350
1,090700e-04 4800000 4 1318
8,297694e-05 4800000 4 1177
1,143835e-04 6000000 5 1913
1,612728e-04 6000000 5 1898
2,550682e-04 6000000 5 1773
3,352448e-05 6000000 5 1599
3,486513e-04 6000000 5 1695
3,840523e-05 6000000 5 1662
2,187892e-04 6000000 5 1914
1,192559e-04 6000000 5 2008
1,676848e-05 6000000 5 1944
1,003779e-04 6000000 5 1681
1,864277e-04 7200000 6 2491
4,195033e-05 7200000 6 2586
1,404496e-04 7200000 6 2635
2,838658e-04 7200000 6 2494
7,582433e-05 7200000 6 2133
4,389556e-05 7200000 6 2490
1,880192e-04 7200000 6 2540
2,924519e-04 7200000 6 2558
3,471741e-04 7200000 6 2305
2,529191e-04 7200000 6 2307
9,633037e-06 9600000 8 3592
1,177258e-04 9600000 8 3639
1,872234e-04 9600000 8 3671
9,544408e-05 9600000 8 3748
1,200782e-04 9600000 8 3749
2,240943e-04 9600000 8 3749
2,920982e-04 9600000 8 3716
1,858971e-04 9600000 8 3732
8,417060e-05 9600000 8 3694
6,016473e-05 9600000 8 3675
1,782494e-04 12000000 10 4877
1,155423e-04 12000000 10 4770
7,961910e-06 12000000 10 4940
1,626522e-04 12000000 10 4768
6,662871e-05 12000000 10 4935
3,578906e-04 12000000 10 4814
2,436213e-06 12000000 10 4940
2,097621e-04 12000000 10 4831
4,264936e-05 12000000 10 4832
1,270015e-04 12000000 10 5017
2,957161e-05 14400000 12 5863
4,036814e-05 14400000 12 5887
1,426600e-04 14400000 12 5865
9,775234e-05 14400000 12 5991
1,225982e-04 14400000 12 5882
2,798006e-05 14400000 12 5991
1,365612e-05 14400000 12 5883
1,454895e-04 14400000 12 6020
8,969681e-05 14400000 12 6023
4,629224e-05 14400000 12 5962
6,333950e-05 12000000 1 490
9,963516e-05 12000000 1 736
1,520419e-04 12000000 1 831
7,416204e-05 12000000 1 743
2,111039e-05 12000000 1 737
1,874887e-04 12000000 1 471
8,806990e-05 12000000 1 643
1,024916e-04 12000000 1 753
7,385606e-07 12000000 1 471
1,978785e-04 12000000 1 753
2,736976e-04 24000000 2 3941
3,246345e-05 24000000 2 3390
1,045076e-04 24000000 2 2814
5,714079e-05 24000000 2 2869
8,896345e-05 24000000 2 4556
1,878445e-05 24000000 2 4660
1,220230e-04 24000000 2 4114
2,322560e-04 24000000 2 2907
1,050381e-04 24000000 2 4787
3,771556e-05 24000000 2 4770
7,109337e-05 36000000 3 7342
1,891759e-05 36000000 3 8292
1,688499e-04 36000000 3 8185
9,969547e-06 36000000 3 6207
3,444404e-05 36000000 3 6502
5,192404e-05 36000000 3 6644
2,670683e-05 36000000 3 6080
7,387910e-05 36000000 3 4506
1,153655e-04 36000000 3 7849
2,344467e-05 36000000 3 7319
2,758269e-05 48000000 4 12467
5,631016e-05 48000000 4 10317
1,536334e-04 48000000 4 10654
8,363176e-05 48000000 4 12883
2,530980e-05 48000000 4 12076
6,421486e-05 48000000 4 10354
7,166861e-05 48000000 4 10843
2,073177e-06 48000000 4 10835
1,149322e-04 48000000 4 13123
1,003248e-04 48000000 4 11673
2,697562e-05 60000000 5 16842
8,155516e-05 60000000 5 17438
9,736120e-06 60000000 5 16316
5,356511e-05 60000000 5 15271
1,006325e-04 60000000 5 18063
2,945011e-05 60000000 5 18701
5,912492e-05 60000000 5 16291
7,000279e-05 60000000 5 15843
5,194899e-06 60000000 5 18890
2,563872e-05 60000000 5 16032
1,406358e-04 72000000 6 23303
4,627456e-05 72000000 6 21564
3,775093e-05 72000000 6 24338
5,301002e-06 72000000 6 23871
2,029693e-05 72000000 6 24857
6,609819e-05 72000000 6 22894
4,567331e-05 72000000 6 23552
2,211837e-05 72000000 6 23650
3,042044e-05 72000000 6 22899
2,974013e-05 72000000 6 23179
1,182214e-04 96000000 8 30503
5,820676e-05 96000000 8 31815
4,819326e-05 96000000 8 33912
7,139609e-06 96000000 8 34657
5,495008e-06 96000000 8 33695
7,143821e-05 96000000 8 32714
7,895595e-06 96000000 8 34304
1,704700e-05 96000000 8 32093
3,956743e-05 96000000 8 31706
1,322729e-05 96000000 8 32522
6,659124e-06 120000000 10 40480
1,528304e-05 120000000 10 35353
6,385941e-05 120000000 10 34649
5,967666e-05 120000000 10 34962
8,335891e-05 120000000 10 36724
1,753471e-05 120000000 10 44325
1,734194e-04 120000000 10 45596
1,792729e-05 120000000 10 32458
4,186420e-05 120000000 10 28381
4,074783e-05 120000000 10 39138
7,502646e-06 144000000 12 54293
3,255187e-05 144000000 12 51839
5,598301e-05 144000000 12 52595
3,875891e-05 144000000 12 50947
6,158154e-06 144000000 12 53783
1,178163e-05 144000000 12 43575
2,936877e-05 144000000 12 51517
2,852878e-05 144000000 12 52897
6,184522e-05 144000000 12 53927
1,146384e-05 144000000 12 54239
